10110000001000000000000000101101
10110000010000000000000110010010
10110000011000001110011000010100
10000000000000000000000000000000
10000000000000000000000000000000
10000000000000000000000000000000
10110000100001100111101100001100
10000000000000000000000000000000
10000000000000000000000000000000
10000000000000000000000000000000
10110000011010000000000100101110
10110000101000000000000000000001
10110000110000000000000000000001
10110001101000000000000100101100
10110001111000000000000000000010
01100010110010000000000000000000
10000000000000000000000000000000
10000000000000000000000000000000
10000000000000000000000000000000
01000010110011000000000000000000
10110000010001000000000000000001
10000000000000000000000000000000
10000000000000000000000000000000
10110000011001100000000000000001
01100010110010000000000000000000
10000000000000000000000000000000
10000000000000000000000000000000
10000000000000000000000000000000
01000010110011000000000000000000
10110000010001000000000000000001
10000000000000000000000000000000
10000000000000000000000000000000
10110000011001100000000000000001
01100010110010000000000000000000
10000000000000000000000000000000
10000000000000000000000000000000
10000000000000000000000000000000
01000010110011000000000000000000
10110000010001000000000000000001
10000000000000000000000000000000
10000000000000000000000000000000
10110000011001100000000000000001
01100010110010000000000000000000
10000000000000000000000000000000
10000000000000000000000000000000
10000000000000000000000000000000
01000010110011000000000000000000
10110000010001000000000000000001
10000000000000000000000000000000
10000000000000000000000000000000
10110000011001100000000000000001
01100010110010000000000000000000
10000000000000000000000000000000
10000000000000000000000000000000
10000000000000000000000000000000
01000010110011000000000000000000
10110000010001000000000000000001
10000000000000000000000000000000
10000000000000000000000000000000
10110000011001100000000000000001
01100010110010000000000000000000
10000000000000000000000000000000
10000000000000000000000000000000
10000000000000000000000000000000
01000010110011000000000000000000
10110000010001000000000000000001
10000000000000000000000000000000
10000000000000000000000000000000
10110000011001100000000000000001
01100010110010000000000000000000
10000000000000000000000000000000
10000000000000000000000000000000
10000000000000000000000000000000
01000010110011000000000000000000
10110000010001000000000000000001
10000000000000000000000000000000
10000000000000000000000000000000
10110000011001100000000000000001
01100010110010000000000000000000
10000000000000000000000000000000
10000000000000000000000000000000
10000000000000000000000000000000
01000010110011000000000000000000
10110000010001000000000000000001
10000000000000000000000000000000
10000000000000000000000000000000
10110000011001100000000000000001
01100010110010000000000000000000
10000000000000000000000000000000
10000000000000000000000000000000
10000000000000000000000000000000
01000010110011000000000000000000
10110000010001000000000000000001
10000000000000000000000000000000
10000000000000000000000000000000
10110000011001100000000000000001
01100010110010000000000000000000
10000000000000000000000000000000
10000000000000000000000000000000
10000000000000000000000000000000
01000010110011000000000000000000
10110000010001000000000000000001
10000000000000000000000000000000
10000000000000000000000000000000
10110000011001100000000000000001
01100010110010000000000000000000
10000000000000000000000000000000
10000000000000000000000000000000
10000000000000000000000000000000
01000010110011000000000000000000
10110000010001000000000000000001
10000000000000000000000000000000
10000000000000000000000000000000
10110000011001100000000000000001
01100010110010000000000000000000
10000000000000000000000000000000
10000000000000000000000000000000
10000000000000000000000000000000
01000010110011000000000000000000
10110000010001000000000000000001
10000000000000000000000000000000
10000000000000000000000000000000
10110000011001100000000000000001
01100010110010000000000000000000
10000000000000000000000000000000
10000000000000000000000000000000
10000000000000000000000000000000
01000010110011000000000000000000
10110000010001000000000000000001
10000000000000000000000000000000
10000000000000000000000000000000
10110000011001100000000000000001
01100010110010000000000000000000
10000000000000000000000000000000
10000000000000000000000000000000
10000000000000000000000000000000
01000010110011000000000000000000
10110000010001000000000000000001
10000000000000000000000000000000
10000000000000000000000000000000
10110000011001100000000000000001
01100010110010000000000000000000
10000000000000000000000000000000
10000000000000000000000000000000
10000000000000000000000000000000
01000010110011000000000000000000
10110000010001000000000000000001
10000000000000000000000000000000
10000000000000000000000000000000
10110000011001100000000000000001
01100010110010000000000000000000
10000000000000000000000000000000
10000000000000000000000000000000
10000000000000000000000000000000
01000010110011000000000000000000
10110000010001000000000000000001
10000000000000000000000000000000
10000000000000000000000000000000
10110000011001100000000000000001
01100010110010000000000000000000
10000000000000000000000000000000
10000000000000000000000000000000
10000000000000000000000000000000
01000010110011000000000000000000
10110000010001000000000000000001
10000000000000000000000000000000
10000000000000000000000000000000
10110000011001100000000000000001
01100010110010000000000000000000
10000000000000000000000000000000
10000000000000000000000000000000
10000000000000000000000000000000
01000010110011000000000000000000
10110000010001000000000000000001
10000000000000000000000000000000
10000000000000000000000000000000
10110000011001100000000000000001
01100010110010000000000000000000
10000000000000000000000000000000
10000000000000000000000000000000
10000000000000000000000000000000
01000010110011000000000000000000
10110000010001000000000000000001
10000000000000000000000000000000
10000000000000000000000000000000
10110000011001100000000000000001
01100010110010000000000000000000
10000000000000000000000000000000
10000000000000000000000000000000
10000000000000000000000000000000
01000010110011000000000000000000
10110000010001000000000000000001
10000000000000000000000000000000
10000000000000000000000000000000
10110000011001100000000000000001
01100010110010000000000000000000
10000000000000000000000000000000
10000000000000000000000000000000
10000000000000000000000000000000
01000010110011000000000000000000
10110000010001000000000000000001
10000000000000000000000000000000
10000000000000000000000000000000
10110000011001100000000000000001
01100010110010000000000000000000
10000000000000000000000000000000
10000000000000000000000000000000
10000000000000000000000000000000
01000010110011000000000000000000
10110000010001000000000000000001
10000000000000000000000000000000
10000000000000000000000000000000
10110000011001100000000000000001
01100010110010000000000000000000
10000000000000000000000000000000
10000000000000000000000000000000
10000000000000000000000000000000
01000010110011000000000000000000
10110000010001000000000000000001
10000000000000000000000000000000
10000000000000000000000000000000
10110000011001100000000000000001
01100010110010000000000000000000
10000000000000000000000000000000
10000000000000000000000000000000
10000000000000000000000000000000
01000010110011000000000000000000
10110000010001000000000000000001
10000000000000000000000000000000
10000000000000000000000000000000
10110000011001100000000000000001
01100010110010000000000000000000
10000000000000000000000000000000
10000000000000000000000000000000
10000000000000000000000000000000
01000010110011000000000000000000
10110000010001000000000000000001
10000000000000000000000000000000
10000000000000000000000000000000
10110000011001100000000000000001
01100010110010000000000000000000
10000000000000000000000000000000
10000000000000000000000000000000
10000000000000000000000000000000
01000010110011000000000000000000
10110000010001000000000000000001
10000000000000000000000000000000
10000000000000000000000000000000
10110000011001100000000000000001
01100010110010000000000000000000
10000000000000000000000000000000
10000000000000000000000000000000
10000000000000000000000000000000
01000010110011000000000000000000
10110000010001000000000000000001
10000000000000000000000000000000
10000000000000000000000000000000
10110000011001100000000000000001
01100010110010000000000000000000
10000000000000000000000000000000
10000000000000000000000000000000
10000000000000000000000000000000
01000010110011000000000000000000
10110000010001000000000000000001
10110000011001100000000000000001
10000001110000000000000000000000
