Code with tokens:
b020002d
b0400192
b060e614
0
0
0
b0867b0c
0
0
0
b068012e
b0a00001
b0c00001
b1a0012c
b1e00002
1
0
0
0
2
3
0
0
4
1
0
0
0
2
3
0
0
4
1
0
0
0
2
3
0
0
4
1
0
0
0
2
3
0
0
4
1
0
0
0
2
3
0
0
4
1
0
0
0
2
3
0
0
4
1
0
0
0
2
3
0
0
4
1
0
0
0
2
3
0
0
4
1
0
0
0
2
3
0
0
4
1
0
0
0
2
3
0
0
4
1
0
0
0
2
3
0
0
4
1
0
0
0
2
3
0
0
4
1
0
0
0
2
3
0
0
4
1
0
0
0
2
3
0
0
4
1
0
0
0
2
3
0
0
4
1
0
0
0
2
3
0
0
4
1
0
0
0
2
3
0
0
4
1
0
0
0
2
3
0
0
4
1
0
0
0
2
3
0
0
4
1
0
0
0
2
3
0
0
4
1
0
0
0
2
3
0
0
4
1
0
0
0
2
3
0
0
4
1
0
0
0
2
3
0
0
4
1
0
0
0
2
3
0
0
4
1
0
0
0
2
3
0
0
4
1
0
0
0
2
3
0
0
4
1
0
0
0
2
3
0
0
4
1
0
0
0
2
3
4
81c00000

Translation table:
0: 80000000
1: 62c80000
2: 42cc0000
3: b0440001
4: b0660001
